# fsp observer convergence trace, every 5 s
# broad_order=512 broad_mu=0.03 broad_lp=5 fs=3788 start_delay=600 ramp=10
# ||dw|| is the tap change since the previous sample: it flattening is the observer having converged
# t_s n_closed y_wnorm y_wnextnorm y_dwnorm x_wnorm x_wnextnorm x_dwnorm y_drift x_drift y_guard x_guard y_trans x_trans
0.000 0 0 0 0 0 0 0 0 0 0 0 0 0
5.000 0 0 0 0 0 0 0 0 0 0 0 0 0
10.000 0 0 0 0 0 0 0 0 0 0 0 0 0
15.001 0 0 0 0 0 0 0 0 0 0 0 0 0
20.001 0 0 0 0 0 0 0 0 0 0 0 0 0
25.001 0 0 0 0 0 0 0 0 0 0 0 0 0
30.001 0 0 0 0 0 0 0 0 0 0 0 0 0
35.001 0 0 0 0 0 0 0 0 0 0 0 0 0
40.002 0 0 0 0 0 0 0 0 0 0 0 0 0
45.002 0 0 0 0 0 0 0 0 0 0 0 0 0
50.002 0 0 0 0 0 0 0 0 0 0 0 0 0
55.002 0 0 0 0 0 0 0 0 0 0 0 0 0
60.003 0 0 0 0 0 0 0 0 0 0 0 0 0
65.003 0 0 0 0 0 0 0 0 0 0 0 0 0
70.003 0 0 0 0 0 0 0 0 0 0 0 0 0
75.003 0 0 0 0 0 0 0 0 0 0 0 0 0
80.004 0 0 0 0 0 0 0 0 0 0 0 0 0
85.004 0 0 0 0 0 0 0 0 0 0 0 0 0
90.004 0 0 0 0 0 0 0 0 0 0 0 0 0
95.004 0 0 0 0 0 0 0 0 0 0 0 0 0
100.005 0 0 0 0 0 0 0 0 0 0 0 0 0
105.005 0 0 0 0 0 0 0 0 0 0 0 0 0
110.005 0 0 0 0 0 0 0 0 0 0 0 0 0
115.005 0 0 0 0 0 0 0 0 0 0 0 0 0
120.006 0 0 0 0 0 0 0 0 0 0 0 0 0
125.006 0 0 0 0 0 0 0 0 0 0 0 0 0
130.006 0 0 0 0 0 0 0 0 0 0 0 0 0
135.006 0 0 0 0 0 0 0 0 0 0 0 0 0
140.006 0 0 0 0 0 0 0 0 0 0 0 0 0
145.007 0 0 0 0 0 0 0 0 0 0 0 0 0
150.007 0 0 0 0 0 0 0 0 0 0 0 0 0
155.007 0 0 0 0 0 0 0 0 0 0 0 0 0
160.007 0 0 0 0 0 0 0 0 0 0 0 0 0
165.008 0 0 0 0 0 0 0 0 0 0 0 0 0
170.008 0 0 0 0 0 0 0 0 0 0 0 0 0
175.008 0 0 0 0 0 0 0 0 0 0 0 0 0
180.008 0 0 0 0 0 0 0 0 0 0 0 0 0
185.009 0 0 0 0 0 0 0 0 0 0 0 0 0
190.009 0 0 0 0 0 0 0 0 0 0 0 0 0
195.009 0 0 0 0 0 0 0 0 0 0 0 0 0
200.009 0 0 0 0 0 0 0 0 0 0 0 0 0
205.010 0 0 0 0 0 0 0 0 0 0 0 0 0
210.010 0 0 0 0 0 0 0 0 0 0 0 0 0
215.010 0 0 0 0 0 0 0 0 0 0 0 0 0
220.010 0 0 0 0 0 0 0 0 0 0 0 0 0
225.011 0 0 0 0 0 0 0 0 0 0 0 0 0
230.011 0 0 0 0 0 0 0 0 0 0 0 0 0
235.011 0 0 0 0 0 0 0 0 0 0 0 0 0
240.011 0 0 0 0 0 0 0 0 0 0 0 0 0
245.011 0 0 0 0 0 0 0 0 0 0 0 0 0
250.012 0 0 0 0 0 0 0 0 0 0 0 0 0
255.012 0 0 0 0 0 0 0 0 0 0 0 0 0
260.012 0 0 0 0 0 0 0 0 0 0 0 0 0
265.012 0 0 0 0 0 0 0 0 0 0 0 0 0
270.013 0 0 0 0 0 0 0 0 0 0 0 0 0
275.013 0 0 0 0 0 0 0 0 0 0 0 0 0
280.013 0 0 0 0 0 0 0 0 0 0 0 0 0
285.013 0 0 0 0 0 0 0 0 0 0 0 0 0
290.014 0 0 0 0 0 0 0 0 0 0 0 0 0
295.014 0 0 0 0 0 0 0 0 0 0 0 0 0
300.014 0 0 0 0 0 0 0 0 0 0 0 0 0
305.014 0 0 0 0 0 0 0 0 0 0 0 0 0
310.015 0 0 0 0 0 0 0 0 0 0 0 0 0
315.015 0 0 0 0 0 0 0 0 0 0 0 0 0
320.015 0 0 0 0 0 0 0 0 0 0 0 0 0
325.015 0 0 0 0 0 0 0 0 0 0 0 0 0
330.016 0 0 0 0 0 0 0 0 0 0 0 0 0
335.016 0 0 0 0 0 0 0 0 0 0 0 0 0
340.016 0 0 0 0 0 0 0 0 0 0 0 0 0
345.016 0 0 0 0 0 0 0 0 0 0 0 0 0
350.017 0 0 0 0 0 0 0 0 0 0 0 0 0
355.017 0 0 0 0 0 0 0 0 0 0 0 0 0
360.017 0 0 0 0 0 0 0 0 0 0 0 0 0
365.017 0 0 0 0 0 0 0 0 0 0 0 0 0
370.017 0 0 0 0 0 0 0 0 0 0 0 0 0
375.018 0 0 0 0 0 0 0 0 0 0 0 0 0
380.018 0 0 0 0 0 0 0 0 0 0 0 0 0
385.018 0 0 0 0 0 0 0 0 0 0 0 0 0
390.018 0 0 0 0 0 0 0 0 0 0 0 0 0
395.018 0 0 0 0 0 0 0 0 0 0 0 0 0
400.018 0 0 0 0 0 0 0 0 0 0 0 0 0
405.018 0 0 0 0 0 0 0 0 0 0 0 0 0
410.019 0 0 0 0 0 0 0 0 0 0 0 0 0
415.019 0 0 0 0 0 0 0 0 0 0 0 0 0
420.019 0 0 0 0 0 0 0 0 0 0 0 0 0
425.019 0 0 0 0 0 0 0 0 0 0 0 0 0
430.019 0 0 0 0 0 0 0 0 0 0 0 0 0
435.019 0 0 0 0 0 0 0 0 0 0 0 0 0
440.019 0 0 0 0 0 0 0 0 0 0 0 0 0
445.019 0 0 0 0 0 0 0 0 0 0 0 0 0
450.020 0 0 0 0 0 0 0 0 0 0 0 0 0
455.020 0 0 0 0 0 0 0 0 0 0 0 0 0
460.020 0 0 0 0 0 0 0 0 0 0 0 0 0
465.020 0 0 0 0 0 0 0 0 0 0 0 0 0
470.020 0 0 0 0 0 0 0 0 0 0 0 0 0
475.020 0 0 0 0 0 0 0 0 0 0 0 0 0
480.021 0 0 0 0 0 0 0 0 0 0 0 0 0
485.021 0 0 0 0 0 0 0 0 0 0 0 0 0
490.021 0 0 0 0 0 0 0 0 0 0 0 0 0
495.021 0 0 0 0 0 0 0 0 0 0 0 0 0
500.021 0 0 0 0 0 0 0 0 0 0 0 0 0
505.021 0 0 0 0 0 0 0 0 0 0 0 0 0
510.022 0 0 0 0 0 0 0 0 0 0 0 0 0
515.022 0 0 0 0 0 0 0 0 0 0 0 0 0
520.022 0 0 0 0 0 0 0 0 0 0 0 0 0
525.022 0 0 0 0 0 0 0 0 0 0 0 0 0
530.022 0 0 0 0 0 0 0 0 0 0 0 0 0
535.022 0 0 0 0 0 0 0 0 0 0 0 0 0
540.023 0 0 0 0 0 0 0 0 0 0 0 0 0
545.023 0 0 0 0 0 0 0 0 0 0 0 0 0
550.023 0 0 0 0 0 0 0 0 0 0 0 0 0
555.023 0 0 0 0 0 0 0 0 0 0 0 0 0
560.023 0 0 0 0 0 0 0 0 0 0 0 0 0
565.024 0 0 0 0 0 0 0 0 0 0 0 0 0
570.024 0 0 0 0 0 0 0 0 0 0 0 0 0
575.024 0 0 0 0 0 0 0 0 0 0 0 0 0
580.024 0 0 0 0 0 0 0 0 0 0 0 0 0
585.024 0 0 0 0 0 0 0 0 0 0 0 0 0
590.025 0 0 0 0 0 0 0 0 0 0 0 0 0
595.025 0 0 0 0 0 0 0 0 0 0 0 0 0
600.025 95 0.34095298 0.34176461 0.34095298 0.30433019 0.29762526 0.30433019 0 0 0 0 0 0
605.025 19037 0.34090738 0.34120078 0.019368003 0.34071167 0.33170774 0.11031755 0 0 0 0 0 0
610.026 37979 0.34099611 0.34088998 0.012474482 0.3589314 0.34797912 0.058697438 0 0 0 0 0 0
615.026 56922 0.34142128 0.341027 0.0093432271 0.37781385 0.36715317 0.037188051 0 0 0 0 0 0
620.026 75864 0.34210137 0.34148669 0.0072886299 0.38729426 0.37656896 0.023399793 0 0 0 0 0 0
625.026 94806 0.34261062 0.34180263 0.0055343389 0.39561119 0.38435384 0.027173223 0 0 0 0 0 0
630.027 113748 0.34294679 0.34189699 0.0067259694 0.41384958 0.40310609 0.032044078 0 0 0 0 0 0
635.027 132691 0.3435972 0.34232599 0.0072994116 0.42604816 0.41515971 0.030325535 0 0 0 0 0 0
640.027 151633 0.34384831 0.34237581 0.0045152647 0.43190821 0.42049101 0.02087512 0 0 0 0 0 0
645.027 170575 0.34422288 0.34258886 0.0042154036 0.43730025 0.42561802 0.022462855 0 0 0 0 0 0
650.027 189517 0.34513843 0.34340429 0.0053724142 0.44187021 0.43035742 0.021939239 0 0 0 0 0 0
655.028 208459 0.34522509 0.34325037 0.0051651486 0.44428417 0.43215931 0.024095909 0 0 0 0 0 0
660.028 227401 0.34572525 0.34368708 0.0028951467 0.4514474 0.43849074 0.027158741 0 0 0 0 0 0
665.028 246344 0.34663166 0.34457572 0.0072975216 0.46675203 0.45446094 0.036991098 0 0 0 0 0 0
670.028 265286 0.34728671 0.34523705 0.0026085478 0.46892699 0.45587634 0.023720819 0 0 0 0 0 0
675.029 284229 0.34775412 0.3456987 0.0021312903 0.47191698 0.45864134 0.015177273 0 0 0 0 0 0
680.029 303172 0.34810305 0.34603527 0.0017442938 0.47496175 0.46158865 0.012756412 0 0 0 0 0 0
685.029 322115 0.34877041 0.34671575 0.0028147267 0.48196105 0.46912118 0.01674773 0 0 0 0 0 0
690.029 341057 0.34896122 0.3468787 0.0023932899 0.48641112 0.47358584 0.021603445 0 0 0 0 0 0
695.030 360000 0.34936834 0.34727814 0.0017716788 0.49093411 0.47842575 0.014495569 0 0 0 0 0 0
700.030 378943 0.34981598 0.34772342 0.00213421 0.49599719 0.48388597 0.012498702 0 0 0 0 0 0
705.030 397885 0.35012758 0.34801767 0.0017675887 0.50182989 0.48996047 0.013449308 0 0 0 0 0 0
710.030 416827 0.35043788 0.34831278 0.001642685 0.50567927 0.49376155 0.012866463 0 0 0 0 0 0
715.030 435769 0.35083371 0.34870013 0.0018647667 0.51083145 0.49936778 0.0079722392 0 0 0 0 0 0
720.030 454711 0.3510351 0.34888027 0.0014881896 0.51410273 0.50273735 0.0086575386 0 0 0 0 0 0
725.030 473652 0.35108045 0.34888617 0.002166885 0.51709482 0.50590427 0.0072668213 0 0 0 0 0 0
730.030 492594 0.35147869 0.34927885 0.0023411535 0.52088836 0.51002259 0.012304915 0 0 0 0 0 0
735.030 511536 0.35189325 0.34969245 0.0027027343 0.52405202 0.51321317 0.017366012 0 0 0 0 0 0
740.030 530477 0.35212452 0.34990751 0.0016071432 0.52744492 0.51682857 0.0085123469 0 0 0 0 0 0
745.030 549418 0.35254839 0.35033268 0.0015201812 0.53025332 0.51973009 0.0086417362 0 0 0 0 0 0
750.030 568360 0.35282743 0.35060067 0.0012662625 0.53240653 0.5220401 0.0083437914 0 0 0 0 0 0
755.030 587302 0.35305154 0.35077457 0.0017460201 0.53758716 0.52783391 0.019758668 0 0 0 0 0 0
760.030 606243 0.35342561 0.35107145 0.0030956375 0.54076372 0.53128611 0.025891905 0 0 0 0 0 0
765.030 625185 0.35378391 0.35135607 0.0022419572 0.54095621 0.53093849 0.020404954 0 0 0 0 0 0
770.030 644126 0.35397404 0.35135706 0.0074693456 0.54397408 0.53392177 0.039225189 0 0 0 0 0 0
775.030 663067 0.35418455 0.35147366 0.0026352221 0.54234253 0.53170361 0.023348601 0 0 0 0 0 0
780.030 682009 0.35466875 0.35183083 0.0073186636 0.54553465 0.535066 0.051430559 0 0 0 0 0 0
785.030 700951 0.35517543 0.35221788 0.0091547901 0.54894134 0.53805438 0.041249391 0 0 0 0 0 0
790.030 719893 0.35527937 0.35215883 0.0043096057 0.55047699 0.53909616 0.044652563 0 0 0 0 0 0
795.031 738834 0.35536826 0.35209173 0.003851683 0.55556685 0.54395448 0.035807044 0 0 0 0 0 0
800.031 757775 0.35610769 0.35280662 0.0046337519 0.56001109 0.54889908 0.027620783 0 0 0 0 0 0
805.031 776717 0.35660061 0.35323676 0.0035201327 0.56322908 0.5522278 0.02488052 0 0 0 0 0 0
810.031 795659 0.35713075 0.35371069 0.0042702347 0.57054359 0.55985416 0.019380617 0 0 0 0 0 0
815.031 814600 0.35807468 0.35459757 0.0042242659 0.57931852 0.56894479 0.030236506 0 0 0 0 0 0
820.031 833541 0.35823188 0.35467352 0.0026352043 0.58350391 0.57299144 0.020299337 0 0 0 0 0 0
825.031 852483 0.35869003 0.35513042 0.0013399691 0.58652313 0.57556759 0.015907442 0 0 0 0 0 0
830.031 871424 0.35917755 0.35563604 0.0015468478 0.59093472 0.58009901 0.01190417 0 0 0 0 0 0
835.031 890366 0.35968759 0.35617583 0.0011793208 0.59529886 0.58471619 0.011226167 0 0 0 0 0 0
840.031 909308 0.36040443 0.35693345 0.0021082617 0.60000643 0.58970351 0.011021692 0 0 0 0 0 0
845.031 928250 0.360665 0.35717498 0.0018234095 0.60317544 0.59259201 0.014653636 0 0 0 0 0 0
850.031 947191 0.3608507 0.35734224 0.0019742753 0.60645986 0.59585177 0.014962128 0 0 0 0 0 0
855.031 966132 0.36128143 0.35778787 0.0016375761 0.61088693 0.60054636 0.014117238 0 0 0 0 0 0
860.031 985074 0.36204869 0.35860631 0.0024065537 0.61598301 0.60616992 0.016360845 0 0 0 0 0 0
865.031 1004016 0.36269586 0.35928597 0.0026468246 0.61774686 0.6078431 0.014577458 0 0 0 0 0 0
870.031 1022957 0.36290754 0.35948707 0.0029368769 0.62155604 0.61210415 0.014168199 0 0 0 0 0 0
875.031 1041898 0.36371651 0.36035439 0.0027503137 0.62257678 0.61290742 0.015857561 0 0 0 0 0 0
880.031 1060840 0.36416859 0.36080454 0.0015242415 0.62401002 0.61423976 0.022393999 0 0 0 0 0 0
885.031 1079782 0.36457668 0.36122887 0.0010661083 0.62570252 0.61595744 0.018686294 0 0 0 0 0 0
890.031 1098723 0.364923 0.36158569 0.0014782121 0.62826216 0.61874953 0.015925386 0 0 0 0 0 0
895.031 1117664 0.36527805 0.3619489 0.0014738642 0.6298337 0.62038431 0.011048226 0 0 0 0 0 0
900.031 1136605 0.36571014 0.36238359 0.0020918627 0.63648346 0.62802507 0.016432778 0 0 0 0 0 0
905.031 1155547 0.36643546 0.36315531 0.0024902476 0.6376536 0.62917122 0.01206992 0 0 0 0 0 0
910.032 1174489 0.36667916 0.36339998 0.0010253235 0.63887521 0.63047471 0.007602677 0 0 0 0 0 0
915.032 1193431 0.36701677 0.36374886 0.00094300918 0.63929933 0.63078097 0.0083322746 0 0 0 0 0 0
920.032 1212372 0.36723683 0.36396522 0.0015288678 0.64139071 0.633025 0.0077134204 0 0 0 0 0 0
925.032 1231313 0.36768089 0.36442538 0.0016749961 0.64359639 0.63547041 0.010743449 0 0 0 0 0 0
930.032 1250254 0.36792857 0.36465962 0.0011594403 0.64515741 0.63708357 0.008389805 0 0 0 0 0 0
935.032 1269195 0.36817541 0.36490641 0.0010737115 0.64584516 0.63775639 0.0088966044 0 0 0 0 0 0
940.032 1288136 0.36851264 0.36525692 0.00070607145 0.64785271 0.63994283 0.014693659 0 0 0 0 0 0
945.032 1307078 0.36955215 0.36635141 0.007944875 0.65189036 0.6442997 0.024250513 0 0 0 0 0 0
950.032 1326019 0.37013362 0.36696189 0.0016576109 0.65658818 0.64970742 0.015176774 0 0 0 0 0 0
955.032 1344961 0.37067126 0.3675252 0.0018470813 0.65689225 0.64979547 0.014275783 0 0 0 0 0 0
960.032 1363902 0.37134811 0.36823837 0.0033976715 0.65776898 0.65069443 0.0070795535 0 0 0 0 0 0
965.032 1382843 0.37156856 0.36844538 0.0017661547 0.65752389 0.65012938 0.014422884 0 0 0 0 0 0
970.032 1401784 0.37182219 0.36867582 0.001366073 0.65697904 0.64920071 0.015059068 0 0 0 0 0 0
975.032 1420726 0.37232455 0.36920893 0.0015561809 0.65922886 0.65156722 0.012247672 0 0 0 0 0 0
980.032 1439668 0.37242664 0.36929422 0.0022669741 0.66224556 0.65483524 0.011136897 0 0 0 0 0 0
985.033 1458609 0.37262633 0.36948803 0.0017149069 0.6637579 0.65636218 0.010528889 0 0 0 0 0 0
990.033 1477551 0.37287567 0.36974214 0.0011621108 0.66443492 0.65697598 0.0093360097 0 0 0 0 0 0
995.033 1496492 0.37316233 0.37004058 0.001071075 0.66596654 0.65861366 0.0066989591 0 0 0 0 0 0
1000.033 1515433 0.37338405 0.37026293 0.0010354515 0.66950491 0.66240724 0.011940893 0 0 0 0 0 0
1005.033 1534375 0.37375298 0.37061924 0.0020495413 0.67518753 0.66870962 0.031628699 0 0 0 0 0 0
1010.033 1553317 0.37416939 0.37099901 0.0033889745 0.67717723 0.67089695 0.021160901 0 0 0 0 0 0
1015.033 1572259 0.37434179 0.37110613 0.003050633 0.67442922 0.66760053 0.033490876 0 0 0 0 0 0
1020.033 1591200 0.37469736 0.37143289 0.0022398229 0.67584623 0.66911971 0.011249827 0 0 0 0 0 0
1025.033 1610142 0.37505902 0.37175879 0.0023398717 0.67901763 0.67268359 0.030146794 0 0 0 0 0 0
1030.033 1629084 0.37569068 0.372375 0.0035878516 0.68198932 0.67574526 0.028437784 0 0 0 0 0 0
1035.033 1648026 0.37603328 0.37273299 0.0011277215 0.68359396 0.67714653 0.018033258 0 0 0 0 0 0
1040.033 1666968 0.37637413 0.37309539 0.00095254841 0.68518025 0.67874665 0.0078179154 0 0 0 0 0 0
1045.034 1685910 0.37675381 0.37350023 0.00076778147 0.68781403 0.68153966 0.017280103 0 0 0 0 0 0
1050.034 1704851 0.37696419 0.37370485 0.00093111983 0.68954989 0.68337199 0.015238891 0 0 0 0 0 0
1055.034 1723792 0.37735965 0.37412776 0.0011938062 0.68983832 0.68345637 0.010375672 0 0 0 0 0 0
1060.034 1742734 0.37754559 0.37430952 0.00091980678 0.69200182 0.68578593 0.0071066537 0 0 0 0 0 0
1065.034 1761676 0.37783771 0.37460486 0.00078791227 0.6932738 0.68702351 0.0085880611 0 0 0 0 0 0
1070.034 1780617 0.37812075 0.37489944 0.00091747418 0.69615941 0.690174 0.011295754 0 0 0 0 0 0
1075.034 1799558 0.37839537 0.37514982 0.0015960065 0.69921555 0.69353177 0.015239561 0 0 0 0 0 0
1080.034 1818500 0.37885796 0.3755865 0.0023778632 0.701597 0.69606155 0.024951912 0 0 0 0 0 0
1085.034 1837442 0.37953279 0.3762593 0.0062965 0.69937505 0.69337431 0.026079698 0 0 0 0 0 0
1090.034 1856384 0.37998955 0.3767294 0.0036968084 0.69902888 0.69276588 0.028042935 0 0 0 0 0 0
1095.034 1875325 0.38060261 0.3773656 0.0026613087 0.69900298 0.69243616 0.021493959 0 0 0 0 0 0
1100.035 1894266 0.3809251 0.37766826 0.0018705194 0.70138904 0.69489005 0.015704087 0 0 0 0 0 0
1105.035 1913208 0.38142619 0.37816983 0.0019500324 0.70284132 0.69589823 0.017094942 0 0 0 0 0 0
1110.035 1932150 0.38201632 0.37876939 0.0018839682 0.70533419 0.69837209 0.015086558 0 0 0 0 0 0
1115.035 1951092 0.38231119 0.37905374 0.0012677395 0.70694139 0.69949081 0.021067625 0 0 0 0 0 0
1120.035 1970034 0.3825685 0.37929525 0.0014481841 0.70812384 0.70019353 0.016613247 0 0 0 0 0 0
1125.035 1988975 0.38287891 0.3795884 0.0013745174 0.70994336 0.70176816 0.02024055 0 0 0 0 0 0
1130.035 2007917 0.38296968 0.37964315 0.0014718706 0.71517585 0.70737575 0.023728433 0 0 0 0 0 0
1135.035 2026859 0.38338229 0.38006148 0.0012958557 0.71856654 0.71057978 0.025199733 0 0 0 0 0 0
1140.036 2045801 0.38360292 0.38022329 0.0033279698 0.7222719 0.71415863 0.035370312 0 0 0 0 0 0
1145.036 2064743 0.38427086 0.38088644 0.0034765135 0.72551016 0.71724847 0.031897303 0 0 0 0 0 0
1150.036 2083685 0.38460746 0.3811772 0.0025876082 0.72974087 0.72171891 0.026547266 0 0 0 0 0 0
1155.036 2102627 0.38487589 0.38140818 0.0019328004 0.732789 0.72419576 0.030581733 0 0 0 0 0 0
1160.036 2121569 0.38494731 0.38141922 0.0025965217 0.73444045 0.72541398 0.024540418 0 0 0 0 0 0
1165.036 2140511 0.38527598 0.38171394 0.0024808087 0.73814244 0.72907216 0.018842531 0 0 0 0 0 0
1170.036 2159452 0.38546871 0.3818619 0.0028445603 0.73944505 0.73026961 0.014795239 0 0 0 0 0 0
1175.036 2178394 0.3859696 0.38234989 0.0029654082 0.74192002 0.73288097 0.014210559 0 0 0 0 0 0
1180.036 2197335 0.38632363 0.38267988 0.0021424994 0.74530251 0.73607919 0.024505787 0 0 0 0 0 0
1185.037 2216277 0.38657621 0.3829012 0.0020308029 0.74842349 0.73913714 0.014839585 0 0 0 0 0 0
1190.037 2235218 0.38691449 0.38321911 0.0024485028 0.75250846 0.7431354 0.018552774 0 0 0 0 0 0
1195.037 2254160 0.38758084 0.38389861 0.0027347437 0.75578467 0.74656344 0.014756485 0 0 0 0 0 0
1200.037 2273101 0.38789256 0.38418781 0.002186784 0.75760368 0.7480406 0.022961162 0 0 0 0 0 0
1205.037 2292043 0.38810776 0.38435977 0.0024571771 0.75984479 0.74999286 0.021735934 0 0 0 0 0 0
1210.037 2310985 0.38839816 0.38460035 0.0035507287 0.76435534 0.75467897 0.022057806 0 0 0 0 0 0
1215.037 2329927 0.38855824 0.38470721 0.0022848288 0.76744012 0.75749087 0.023820523 0 0 0 0 0 0
1220.037 2348869 0.38879934 0.38490515 0.0021363253 0.77173861 0.76200212 0.017782096 0 0 0 0 0 0
1225.037 2367810 0.38904139 0.3851115 0.0018515028 0.77394944 0.76419554 0.014223263 0 0 0 0 0 0
1230.038 2386751 0.38865355 0.38457297 0.0044117596 0.78014126 0.77095688 0.04509566 0 0 0 0 0 0
1235.038 2405692 0.38918398 0.38507682 0.0053185073 0.78999123 0.78113754 0.045110232 0 0 0 0 0 0
1240.038 2424634 0.38908123 0.38483733 0.0032887666 0.79451032 0.78590473 0.043535155 0 0 0 0 0 0
1245.038 2443575 0.38905203 0.38468689 0.0028064765 0.79934043 0.79124882 0.024935512 0 0 0 0 0 0
1250.038 2462516 0.38883698 0.3843033 0.0069989142 0.80845137 0.80137896 0.049933481 0 0 0 0 0 0
1255.038 2481458 0.38965551 0.38477778 0.026498956 0.8170181 0.81051603 0.094775429 0 0 0 0 0 0
1260.038 2500400 0.38984697 0.38474262 0.0084967471 0.82157893 0.81508274 0.061861937 0 0 0 0 0 0
1265.038 2519341 0.39036656 0.38519758 0.0074179826 0.83748151 0.83185308 0.064119712 0 0 0 0 0 0
1270.039 2538283 0.39081648 0.38568405 0.0012995515 0.8418173 0.83629404 0.027122433 0 0 0 0 0 0
1275.039 2557225 0.39157616 0.38651781 0.0015159855 0.84536679 0.84008158 0.023497913 0 0 0 0 0 0
1280.039 2576167 0.39222152 0.38721989 0.0013521453 0.84800609 0.84269853 0.026152371 0 0 0 0 0 0
1285.039 2595108 0.39266068 0.38768959 0.00090909174 0.84860133 0.84311491 0.016458461 0 0 0 0 0 0
1290.039 2614050 0.39301785 0.38806863 0.0010403192 0.84910638 0.84351616 0.014996854 0 0 0 0 0 0
1295.039 2632992 0.39355841 0.38864966 0.0016504041 0.85041567 0.8449604 0.015977419 0 0 0 0 0 0
1300.039 2651933 0.39404708 0.38917923 0.0013186135 0.85176846 0.84638679 0.0185562 0 0 0 0 0 0
1305.039 2670875 0.39449632 0.38965499 0.00095341151 0.85280891 0.84743065 0.020418289 0 0 0 0 0 0
1310.040 2689816 0.39499265 0.39018996 0.0015575557 0.85420479 0.84890197 0.013385651 0 0 0 0 0 0
1315.040 2708757 0.39537019 0.39059849 0.0013390617 0.85532341 0.85010702 0.017926347 0 0 0 0 0 0
1320.040 2727698 0.39595911 0.39124671 0.0016832115 0.85416207 0.84853433 0.013950304 0 0 0 0 0 0
1325.040 2746640 0.39635231 0.39167549 0.0011489161 0.85614631 0.85078454 0.010488756 0 0 0 0 0 0
1330.040 2765582 0.39667965 0.39202053 0.001523875 0.85731976 0.85210881 0.012342037 0 0 0 0 0 0
1335.040 2784523 0.39690919 0.39226308 0.00094617185 0.85684139 0.85136688 0.013032688 0 0 0 0 0 0
1340.040 2803464 0.39746057 0.39286387 0.0013354847 0.85903577 0.85367614 0.014222861 0 0 0 0 0 0
1345.040 2822406 0.39758889 0.39298627 0.0017701469 0.85968541 0.85429243 0.013133788 0 0 0 0 0 0
1350.041 2841348 0.3980558 0.39349548 0.0013991244 0.8608926 0.85562499 0.0083108003 0 0 0 0 0 0
1355.041 2860290 0.39828618 0.39373564 0.0010635306 0.86186246 0.85666436 0.0096732317 0 0 0 0 0 0
1360.041 2879231 0.39871106 0.39419302 0.001362004 0.86223709 0.8568601 0.010057643 0 0 0 0 0 0
1365.041 2898172 0.39904709 0.39455479 0.00087454917 0.86427234 0.859166 0.010372209 0 0 0 0 0 0
1370.041 2917113 0.39942377 0.39496748 0.0009815185 0.86398326 0.85865401 0.0087487459 0 0 0 0 0 0
1375.041 2936055 0.39971824 0.39528247 0.001170694 0.86454481 0.85915098 0.0091581777 0 0 0 0 0 0
1380.041 2954996 0.40027297 0.39588534 0.001509225 0.86572974 0.86033429 0.012912404 0 0 0 0 0 0
1385.042 2973938 0.40061608 0.39625459 0.00094037116 0.8666132 0.86123802 0.0093025352 0 0 0 0 0 0
1390.042 2992879 0.40096379 0.39663222 0.00075297588 0.86741983 0.86210244 0.0072666387 0 0 0 0 0 0
1395.042 3011821 0.4013435 0.3970481 0.00073689216 0.86782209 0.86248103 0.0071206263 0 0 0 0 0 0
1400.042 3030763 0.40167296 0.39740387 0.00071840842 0.867403 0.86172903 0.010469813 0 0 0 0 0 0
1405.042 3049704 0.40212903 0.39790513 0.001353036 0.86854556 0.86293755 0.0065722152 0 0 0 0 0 0
1410.042 3068646 0.4021677 0.39793052 0.0018229232 0.86850545 0.86264838 0.0084255756 0 0 0 0 0 0
1415.042 3087587 0.40253835 0.39833513 0.00084812136 0.86988854 0.86417317 0.009054289 0 0 0 0 0 0
1420.042 3106529 0.4027297 0.398537 0.00082690583 0.86969819 0.86376507 0.0057124665 0 0 0 0 0 0
1425.043 3125471 0.40291397 0.39872999 0.00061349699 0.86992328 0.86390085 0.0092288096 0 0 0 0 0 0
1430.043 3144413 0.40308274 0.39890928 0.00081154438 0.87072625 0.86477331 0.010345267 0 0 0 0 0 0
1435.043 3163355 0.40342183 0.39927741 0.00092521807 0.87168883 0.86581622 0.00632854 0 0 0 0 0 0
1440.043 3182297 0.40382201 0.39971464 0.0012875814 0.87237026 0.86646119 0.0071967534 0 0 0 0 0 0
1445.043 3201238 0.40406381 0.39995732 0.0018848964 0.87293344 0.86701361 0.005978024 0 0 0 0 0 0
1450.043 3220180 0.40429613 0.40019862 0.0014277408 0.87289092 0.86681545 0.0076716361 0 0 0 0 0 0
1455.043 3239122 0.40475917 0.40069626 0.0018717944 0.87328046 0.86713672 0.0087008296 0 0 0 0 0 0
1460.044 3258063 0.40489078 0.40083024 0.001281096 0.8739616 0.86783585 0.007981468 0 0 0 0 0 0
1465.044 3277004 0.40526894 0.40124603 0.0014644955 0.87398656 0.86769229 0.0074966612 0 0 0 0 0 0
1470.044 3295946 0.40551438 0.4015102 0.00050134579 0.87493004 0.86869202 0.0059986239 0 0 0 0 0 0
1475.044 3314886 0.40585284 0.40187946 0.00098961233 0.87466053 0.86821155 0.0066406084 0 0 0 0 0 0
1480.044 3333828 0.40611606 0.40216254 0.00074863695 0.87614597 0.86988932 0.0083148907 0 0 0 0 0 0
1485.044 3352769 0.40629402 0.40234565 0.0011772162 0.87626206 0.86989615 0.005624614 0 0 0 0 0 0
1490.044 3371710 0.40652625 0.40258517 0.0012853373 0.87670549 0.87028051 0.0052159908 0 0 0 0 0 0
1495.045 3390651 0.40677437 0.40285461 0.00057986871 0.87670284 0.87014557 0.0045868566 0 0 0 0 0 0
1500.045 3409592 0.40706909 0.4031774 0.00062574318 0.87671087 0.87001826 0.0064610972 0 0 0 0 0 0
1505.045 3428533 0.40721339 0.40332417 0.0013098318 0.87644752 0.86944414 0.012281148 0 0 0 0 0 0
1510.045 3447474 0.40746033 0.40359244 0.00081008593 0.87746204 0.87047655 0.0082434317 0 0 0 0 0 0
1515.045 3466415 0.40792089 0.40410042 0.0021255274 0.87832622 0.87138707 0.010529741 0 0 0 0 0 0
1520.045 3485357 0.40824413 0.40442047 0.0026832449 0.87893114 0.87188007 0.012185198 0 0 0 0 0 0
1525.045 3504299 0.40851385 0.40469664 0.0012145755 0.8790526 0.87176086 0.0086036701 0 0 0 0 0 0
1530.046 3523240 0.40876775 0.40497443 0.00071760648 0.88018015 0.87296181 0.011487623 0 0 0 0 0 0
1535.046 3542182 0.40893011 0.40514451 0.00094632509 0.88073113 0.87349581 0.0045117569 0 0 0 0 0 0
1540.046 3561124 0.40906652 0.40528848 0.00055049356 0.88126011 0.87400181 0.004901656 0 0 0 0 0 0
1545.046 3580065 0.40942602 0.40568423 0.0018668622 0.88144679 0.87412844 0.0043744251 0 0 0 0 0 0
1550.046 3599007 0.40934266 0.40557355 0.0016635962 0.88199872 0.87455673 0.014202029 0 0 0 0 0 0
1555.046 3617949 0.40954191 0.40578813 0.00053046835 0.88283749 0.87545949 0.012135175 0 0 0 0 0 0
1560.046 3636891 0.40977645 0.40604033 0.00061909806 0.88278535 0.87520793 0.0075421436 0 0 0 0 0 0
1565.047 3655833 0.4099931 0.4062718 0.00056388701 0.88386565 0.87637334 0.0071408432 0 0 0 0 0 0
1570.047 3674775 0.41025051 0.40653892 0.00096025135 0.88558393 0.87827701 0.0093632731 0 0 0 0 0 0
1575.047 3693717 0.41053457 0.40684706 0.00097897768 0.88628287 0.87895641 0.0097736223 0 0 0 0 0 0
1580.047 3712658 0.4107221 0.40704638 0.00040043771 0.88634192 0.87894614 0.0086064317 0 0 0 0 0 0
1585.047 3731599 0.41110784 0.40746913 0.0018995393 0.88676969 0.87932502 0.0082438553 0 0 0 0 0 0
1590.047 3750541 0.41133043 0.40768952 0.0037481604 0.88843687 0.88122364 0.011636187 0 0 0 0 0 0
1595.047 3769482 0.41163734 0.40801154 0.0010383243 0.88881522 0.88151204 0.0084214917 0 0 0 0 0 0
1600.048 3788424 0.41173384 0.40810315 0.0014003953 0.8897073 0.88239434 0.0093003487 0 0 0 0 0 0
1605.048 3807366 0.41201563 0.40840679 0.00064955913 0.89073965 0.88350864 0.0054564902 0 0 0 0 0 0
1610.048 3826307 0.41214573 0.40853886 0.0009670154 0.89166739 0.88438667 0.0056851192 0 0 0 0 0 0
1615.048 3845248 0.41254715 0.40898114 0.0020661277 0.89172824 0.88424853 0.0076364364 0 0 0 0 0 0
1620.048 3864190 0.41275786 0.40919941 0.0013773841 0.89333198 0.88606078 0.0069935532 0 0 0 0 0 0
1625.048 3883131 0.4129872 0.40944175 0.00076048992 0.89427749 0.88701316 0.0045851597 0 0 0 0 0 0
1630.049 3902073 0.41331961 0.40978158 0.0018211864 0.89599405 0.888847 0.015998905 0 0 0 0 0 0
1635.049 3921014 0.41350358 0.40996967 0.00093102261 0.89724683 0.8901211 0.0092939465 0 0 0 0 0 0
1640.049 3939955 0.41398204 0.41049091 0.0017466843 0.89928465 0.89228538 0.010830541 0 0 0 0 0 0
1645.049 3958896 0.4142445 0.41075033 0.0021269038 0.900847 0.89380558 0.013418609 0 0 0 0 0 0
1650.049 3977837 0.41474014 0.41126566 0.0024245384 0.90292089 0.8961256 0.011966303 0 0 0 0 0 0
1655.049 3996779 0.4149311 0.41143446 0.0025212529 0.90544959 0.89899491 0.012320151 0 0 0 0 0 0
1660.049 4015721 0.41515503 0.41165201 0.0016090039 0.90564548 0.89899134 0.015754208 0 0 0 0 0 0
1665.050 4034662 0.41544095 0.41195432 0.0015038208 0.90720959 0.90075099 0.012291088 0 0 0 0 0 0
1670.050 4053604 0.41584409 0.41237686 0.0017846891 0.91137986 0.90534173 0.022978848 0 0 0 0 0 0
1675.050 4072546 0.4161585 0.41270634 0.0012841931 0.91351149 0.9073143 0.017455022 0 0 0 0 0 0
1680.050 4091487 0.41623552 0.41277698 0.0011958771 0.91376956 0.90732963 0.0093150823 0 0 0 0 0 0
1685.050 4110428 0.41653262 0.4131018 0.0013649136 0.91360278 0.9069178 0.012413463 0 0 0 0 0 0
1690.050 4129370 0.41667419 0.41325151 0.00062122336 0.9143133 0.90765725 0.0083269208 0 0 0 0 0 0
1695.051 4148312 0.41683023 0.41341479 0.001014615 0.91460385 0.90785263 0.0092985678 0 0 0 0 0 0
1705.718 4167062 0.41690473 0.41348451 0.00051803212 0.91481194 0.90789372 0.0068511547 0 0 0 0 0 0
1705.718 4167063 0.41690473 0.41348451 0 0.91481194 0.90789372 0 0 0 0 0 0 0
